119956
119945
119934
119923
119912
119901
119890
119879
119868
119857
119846
119835
119824
119813
119802
119791
119780
119769
119758
119747
119736
119725
119714
119703
119692
119681
119670
119659
119648
119637
119626
119615
119604
119593
119582
119571
119560
119549
119538
119527
119516
119505
119494
119483
119472
119461
119450
119439
119428
119417
119406
119395
119384
119373
119362
119351
119340
119329
119318
119307
119296
119285
119274
119263
119252
119241
119230
119219
119208
119197
119186
119175
119164
119153
119142
119131
119120
119109
119098
119087
119076
119065
119054
119043
119032
119021
119010
118999
118988
118977
118966
118955
118944
118933
118922
118911
118900
118889
118878
118867
118856
118845
118834
118823
118812
118801
118790
118779
118768
118757
118746
118735
118724
118713
118702
118691
118680
118669
118658
118647
118636
118625
118614
118603
118592
118581
118570
118559
118548
118537
118526
118515
118504
118493
118482
118471
118460
118449
118438
118427
118416
118405
118394
118383
118372
118361
118350
118339
118328
118317
118306
118295
118284
118273
118262
118251
118240
118229
118218
118207
118196
118185
118174
118163
118152
118141
118130
118119
118108
118097
118086
118075
118064
118053
118042
118031
118020
118009
117998
117987
117976
117965
117954
117943
117932
117921
117910
117899
117888
117877
117866
117855
117844
117833
117822
117811
117800
117789
117778
117767
117756
117745
117734
117723
117712
117701
117690
117679
117668
117657
117646
117635
117624
117613
117602
117591
117580
117569
117558
117547
117536
117525
117514
117503
117492
117481
117470
117459
117448
117437
117426
117415
117404
117393
117382
117371
117360
117349
117338
117327
117316
117305
117294
117283
117272
117261
117250
117239
117228
117217
117206
117195
117184
117173
117162
117151
117140
117129
117118
117107
117096
117085
117074
117063
117052
117041
117030
117019
117008
116997
116986
116975
116964
116953
116942
116931
116920
116909
116898
116887
116876
116865
116854
116843
116832
116821
116810
116799
116788
116777
116766
116755
116744
116733
116722
116711
116700
116689
116678
116667
116656
116645
116634
116623
116612
116601
116590
116579
116568
116557
116546
116535
116524
116513
116502
116491
116480
116469
116458
116447
116436
116425
116414
116403
116392
116381
116370
116359
116348
116337
116326
116315
116304
116293
116282
116271
116260
116249
116238
116227
116216
116205
116194
116183
116172
116161
116150
116139
116128
116117
116106
116095
116084
116073
116062
116051
116040
116029
116018
116007
115996
115985
115974
115963
115952
115941
115930
115919
115908
115897
115886
115875
115864
115853
115842
115831
115820
115809
115798
115787
115776
115765
115754
115743
115732
115721
115710
115699
115688
115677
115666
115655
115644
115633
115622
115611
115600
115589
115578
115567
115556
115545
115534
115523
115512
115501
115490
115479
115468
115457
115446
115435
115424
115413
115402
115391
115380
115369
115358
115347
115336
115325
115314
115303
115292
115281
115270
115259
115248
115237
115226
115215
115204
115193
115182
115171
115160
115149
115138
115127
115116
115105
115094
115083
115072
115061
115050
115039
115028
115017
115006
114995
114984
114973
114962
114951
114940
114929
114918
114907
114896
114885
114874
114863
114852
114841
114830
114819
114808
114797
114786
114775
114764
114753
114742
114731
114720
114709
114698
114687
114676
114665
114654
114643
114632
114621
114610
114599
114588
114577
114566
114555
114544
114533
114522
114511
114500
114489
114478
114467
114456
114445
114434
114423
114412
114401
114390
114379
114368
114357
114346
114335
114324
114313
114302
114291
114280
114269
114258
114247
114236
114225
114214
114203
114192
114181
114170
114159
114148
114137
114126
114115
114104
114093
114082
114071
114060
114049
114038
114027
114016
114005
113994
113983
113972
113961
113950
113939
113928
113917
113906
113895
113884
113873
113862
113851
113840
113829
113818
113807
113796
113785
113774
113763
113752
113741
113730
113719
113708
113697
113686
113675
113664
113653
113642
113631
113620
113609
113598
113587
113576
113565
113554
113543
113532
113521
113510
113499
113488
113477
113466
113455
113444
113433
113422
113411
113400
113389
113378
113367
113356
113345
113334
113323
113312
113301
113290
113279
113268
113257
113246
113235
113224
113213
113202
113191
113180
113169
113158
113147
113136
113125
113114
113103
113092
113081
113070
113059
113048
113037
113026
113015
113004
112993
112982
112971
112960
112949
112938
112927
112916
112905
112894
112883
112872
112861
112850
112839
112828
112817
112806
112795
112784
112773
112762
112751
112740
112729
112718
112707
112696
112685
112674
112663
112652
112641
112630
112619
112608
112597
112586
112575
112564
112553
112542
112531
112520
112509
112498
112487
112476
112465
112454
112443
112432
112421
112410
112399
112388
112377
112366
112355
112344
112333
112322
112311
112300
112289
112278
112267
112256
112245
112234
112223
112212
112201
112190
112179
112168
112157
112146
112135
112124
112113
112102
112091
112080
112069
112058
112047
112036
112025
112014
112003
111992
111981
111970
111959
111948
111937
111926
111915
111904
111893
111882
111871
111860
111849
111838
111827
111816
111805
111794
111783
111772
111761
111750
111739
111728
111717
111706
111695
111684
111673
111662
111651
111640
111629
111618
111607
111596
111585
111574
111563
111552
111541
111530
111519
111508
111497
111486
111475
111464
111453
111442
111431
111420
111409
111398
111387
111376
111365
111354
111343
111332
111321
111310
111299
111288
111277
111266
111255
111244
111233
111222
111211
111200
111189
111178
111167
111156
111145
111134
111123
111112
111101
111090
111079
111068
111057
111046
111035
111024
111013
111002
110991
110980
110969
110958
110947
110936
110925
110914
110903
110892
110881
110870
110859
110848
110837
110826
110815
110804
110793
110782
110771
110760
110749
110738
110727
110716
110705
110694
110683
110672
110661
110650
110639
110628
110617
110606
110595
110584
110573
110562
110551
110540
110529
110518
110507
110496
110485
110474
110463
110452
110441
110430
110419
110408
110397
110386
110375
110364
110353
110342
110331
110320
110309
110298
110287
110276
110265
110254
110243
110232
110221
110210
110199
110188
110177
110166
110155
110144
110133
110122
110111
110100
110089
110078
110067
110056
110045
110034
110023
110012
110001
109990
109979
109968
109957
109946
109935
109924
109913
109902
109891
109880
109869
109858
109847
109836
109825
109814
109803
109792
109781
109770
109759
109748
109737
109726
109715
109704
109693
109682
109671
109660
109649
109638
109627
109616
109605
109594
109583
109572
109561
109550
109539
109528
109517
109506
109495
109484
109473
109462
109451
109440
109429
109418
109407
109396
109385
109374
109363
109352
109341
109330
109319
109308
109297
109286
109275
109264
109253
109242
109231
109220
109209
109198
109187
109176
109165
109154
109143
109132
109121
109110
109099
109088
109077
109066
109055
109044
109033
109022
109011
109000
108989
108978
108967
108956
108945
108934
108923
108912
108901
108890
108879
108868
108857
108846
108835
108824
108813
108802
108791
108780
108769
108758
108747
108736
108725
108714
108703
108692
108681
108670
108659
108648
108637
108626
108615
108604
108593
108582
108571
108560
108549
108538
108527
108516
108505
108494
108483
108472
108461
108450
108439
108428
108417
108406
108395
108384
108373
108362
108351
108340
108329
108318
108307
108296
108285
108274
108263
108252
108241
108230
108219
108208
108197
108186
108175
108164
108153
108142
108131
108120
108109
108098
108087
108076
108065
108054
108043
108032
108021
108010
107999
107988
107977
107966
107955
107944
107933
107922
107911
107900
107889
107878
107867
107856
107845
107834
107823
107812
107801
107790
107779
107768
107757
107746
107735
107724
107713
107702
107691
107680
107669
107658
107647
107636
107625
107614
107603
107592
107581
107570
107559
107548
107537
107526
107515
107504
107493
107482
107471
107460
107449
107438
107427
107416
107405
107394
107383
107372
107361
107350
107339
107328
107317
107306
107295
107284
107273
107262
107251
107240
107229
107218
107207
107196
107185
107174
107163
107152
107141
107130
107119
107108
107097
107086
107075
107064
107053
107042
107031
107020
107009
106998
106987
106976
106965
106954
106943
106932
106921
106910
106899
106888
106877
106866
106855
106844
106833
106822
106811
106800
106789
106778
106767
106756
106745
106734
106723
106712
106701
106690
106679
106668
106657
106646
106635
106624
106613
106602
106591
106580
106569
106558
106547
106536
106525
106514
106503
106492
106481
106470
106459
106448
106437
106426
106415
106404
106393
106382
106371
106360
106349
106338
106327
106316
106305
106294
106283
106272
106261
106250
106239
106228
106217
106206
106195
106184
106173
106162
106151
106140
106129
106118
106107
106096
106085
106074
106063
106052
106041
106030
106019
106008
105997
105986
105975
105964
105953
105942
105931
105920
105909
105898
105887
105876
105865
105854
105843
105832
105821
105810
105799
105788
105777
105766
105755
105744
105733
105722
105711
105700
105689
105678
105667
105656
105645
105634
105623
105612
105601
105590
105579
105568
105557
105546
105535
105524
105513
105502
105491
105480
105469
105458
105447
105436
105425
105414
105403
105392
105381
105370
105359
105348
105337
105326
105315
105304
105293
105282
105271
105260
105249
105238
105227
105216
105205
105194
105183
105172
105161
105150
105139
105128
105117
105106
105095
105084
105073
105062
105051
105040
105029
105018
105007
104996
104985
104974
104963
104952
104941
104930
104919
104908
104897
104886
104875
104864
104853
104842
104831
104820
104809
104798
104787
104776
104765
104754
104743
104732
104721
104710
104699
104688
104677
104666
104655
104644
104633
104622
104611
104600
104589
104578
104567
104556
104545
104534
104523
104512
104501
104490
104479
104468
104457
104446
104435
104424
104413
104402
104391
104380
104369
104358
104347
104336
104325
104314
104303
104292
104281
104270
104259
104248
104237
104226
104215
104204
104193
104182
104171
104160
104149
104138
104127
104116
104105
104094
104083
104072
104061
104050
104039
104028
104017
104006
103995
103984
103973
103962
103951
103940
103929
103918
103907
103896
103885
103874
103863
103852
103841
103830
103819
103808
103797
103786
103775
103764
103753
103742
103731
103720
103709
103698
103687
103676
103665
103654
103643
103632
103621
103610
103599
103588
103577
103566
103555
103544
103533
103522
103511
103500
103489
103478
103467
103456
103445
103434
103423
103412
103401
103390
103379
103368
103357
103346
103335
103324
103313
103302
103291
103280
103269
103258
103247
103236
103225
103214
103203
103192
103181
103170
103159
103148
103137
103126
103115
103104
103093
103082
103071
103060
103049
103038
103027
103016
103005
102994
102983
102972
102961
102950
102939
102928
102917
102906
102895
102884
102873
102862
102851
102840
102829
102818
102807
102796
102785
102774
102763
102752
102741
102730
102719
102708
102697
102686
102675
102664
102653
102642
102631
102620
102609
102598
102587
102576
102565
102554
102543
102532
102521
102510
102499
102488
102477
102466
102455
102444
102433
102422
102411
102400
102389
102378
102367
102356
102345
102334
102323
102312
102301
102290
102279
102268
102257
102246
102235
102224
102213
102202
102191
102180
102169
102158
102147
102136
102125
102114
102103
102092
102081
102070
102059
102048
102037
102026
102015
102004
101993
101982
101971
101960
101949
101938
101927
101916
101905
101894
101883
101872
101861
101850
101839
101828
101817
101806
101795
101784
101773
101762
101751
101740
101729
101718
101707
101696
101685
101674
101663
101652
101641
101630
101619
101608
101597
101586
101575
101564
101553
101542
101531
101520
101509
101498
101487
101476
101465
101454
101443
101432
101421
101410
101399
101388
101377
101366
101355
101344
101333
101322
101311
101300
101289
101278
101267
101256
101245
101234
101223
101212
101201
101190
101179
101168
101157
101146
101135
101124
101113
101102
101091
101080
101069
101058
101047
101036
101025
101014
101003
100992
100981
100970
100959
100948
100937
100926
100915
100904
100893
100882
100871
100860
100849
100838
100827
100816
100805
100794
100783
100772
100761
100750
100739
100728
100717
100706
100695
100684
100673
100662
100651
100640
100629
100618
100607
100596
100585
100574
100563
100552
100541
100530
100519
100508
100497
100486
100475
100464
100453
100442
100431
100420
100409
100398
100387
100376
100365
100354
100343
100332
100321
100310
100299
100288
100277
100266
100255
100244
100233
100222
100211
100200
100189
100178
100167
100156
100145
100134
100123
100112
100101
100090
100079
100068
100057
100046
100035
100024
100013
100002
99991
99980
99969
99958
99947
99936
99925
99914
99903
99892
99881
99870
99859
99848
99837
99826
99815
99804
99793
99782
99771
99760
99749
99738
99727
99716
99705
99694
99683
99672
99661
99650
99639
99628
99617
99606
99595
99584
99573
99562
99551
99540
99529
99518
99507
99496
99485
99474
99463
99452
99441
99430
99419
99408
99397
99386
99375
99364
99353
99342
99331
99320
99309
99298
99287
99276
99265
99254
99243
99232
99221
99210
99199
99188
99177
99166
99155
99144
99133
99122
99111
99100
99089
99078
99067
99056
99045
99034
99023
99012
99001
98990
98979
98968
98957
98946
98935
98924
98913
98902
98891
98880
98869
98858
98847
98836
98825
98814
98803
98792
98781
98770
98759
98748
98737
98726
98715
98704
98693
98682
98671
98660
98649
98638
98627
98616
98605
98594
98583
98572
98561
98550
98539
98528
98517
98506
98495
98484
98473
98462
98451
98440
98429
98418
98407
98396
98385
98374
98363
98352
98341
98330
98319
98308
98297
98286
98275
98264
98253
98242
98231
98220
98209
98198
98187
98176
98165
98154
98143
98132
98121
98110
98099
98088
98077
98066
98055
98044
98033
98022
98011
98000
97989
97978
97967
97956
97945
97934
97923
97912
97901
97890
97879
97868
97857
97846
97835
97824
97813
97802
97791
97780
97769
97758
97747
97736
97725
97714
97703
97692
97681
97670
97659
97648
97637
97626
97615
97604
97593
97582
97571
97560
97549
97538
97527
97516
97505
97494
97483
97472
97461
97450
97439
97428
97417
97406
97395
97384
97373
97362
97351
97340
97329
97318
97307
97296
97285
97274
97263
97252
97241
97230
97219
97208
97197
97186
97175
97164
97153
97142
97131
97120
97109
97098
97087
97076
97065
97054
97043
97032
97021
97010
96999
96988
96977
96966
96955
96944
96933
96922
96911
96900
96889
96878
96867
96856
96845
96834
96823
96812
96801
96790
96779
96768
96757
96746
96735
96724
96713
96702
96691
96680
96669
96658
96647
96636
96625
96614
96603
96592
96581
96570
96559
96548
96537
96526
96515
96504
96493
96482
96471
96460
96449
96438
96427
96416
96405
96394
96383
96372
96361
96350
96339
96328
96317
96306
96295
96284
96273
96262
96251
96240
96229
96218
96207
96196
96185
96174
96163
96152
96141
96130
96119
96108
96097
96086
96075
96064
96053
96042
96031
96020
96009
95998
95987
95976
95965
95954
95943
95932
95921
95910
95899
95888
95877
95866
95855
95844
95833
95822
95811
95800
95789
95778
95767
95756
95745
95734
95723
95712
95701
95690
95679
95668
95657
95646
95635
95624
95613
95602
95591
95580
95569
95558
95547
95536
95525
95514
95503
95492
95481
95470
95459
95448
95437
95426
95415
95404
95393
95382
95371
95360
95349
95338
95327
95316
95305
95294
95283
95272
95261
95250
95239
95228
95217
95206
95195
95184
95173
95162
95151
95140
95129
95118
95107
95096
95085
95074
95063
95052
95041
95030
95019
95008
94997
94986
94975
94964
94953
94942
94931
94920
94909
94898
94887
94876
94865
94854
94843
94832
94821
94810
94799
94788
94777
94766
94755
94744
94733
94722
94711
94700
94689
94678
94667
94656
94645
94634
94623
94612
94601
94590
94579
94568
94557
94546
94535
94524
94513
94502
94491
94480
94469
94458
94447
94436
94425
94414
94403
94392
94381
94370
94359
94348
94337
94326
94315
94304
94293
94282
94271
94260
94249
94238
94227
94216
94205
94194
94183
94172
94161
94150
94139
94128
94117
94106
94095
94084
94073
94062
94051
94040
94029
94018
94007
93996
93985
93974
93963
93952
93941
93930
93919
93908
93897
93886
93875
93864
93853
93842
93831
93820
93809
93798
93787
93776
93765
93754
93743
93732
93721
93710
93699
93688
93677
93666
93655
93644
93633
93622
93611
93600
93589
93578
93567
93556
93545
93534
93523
93512
93501
93490
93479
93468
93457
93446
93435
93424
93413
93402
93391
93380
93369
93358
93347
93336
93325
93314
93303
93292
93281
93270
93259
93248
93237
93226
93215
93204
93193
93182
93171
93160
93149
93138
93127
93116
93105
93094
93083
93072
93061
93050
93039
93028
93017
93006
92995
92984
92973
92962
92951
92940
92929
92918
92907
92896
92885
92874
92863
92852
92841
92830
92819
92808
92797
92786
92775
92764
92753
92742
92731
92720
92709
92698
92687
92676
92665
92654
92643
92632
92621
92610
92599
92588
92577
92566
92555
92544
92533
92522
92511
92500
92489
92478
92467
92456
92445
92434
92423
92412
92401
92390
92379
92368
92357
92346
92335
92324
92313
92302
92291
92280
92269
92258
92247
92236
92225
92214
92203
92192
92181
92170
92159
92148
92137
92126
92115
92104
92093
92082
92071
92060
92049
92038
92027
92016
92005
91994
91983
91972
91961
91950
91939
91928
91917
91906
91895
91884
91873
91862
91851
91840
91829
91818
91807
91796
91785
91774
91763
91752
91741
91730
91719
91708
91697
91686
91675
91664
91653
91642
91631
91620
91609
91598
91587
91576
91565
91554
91543
91532
91521
91510
91499
91488
91477
91466
91455
91444
91433
91422
91411
91400
91389
91378
91367
91356
91345
91334
91323
91312
91301
91290
91279
91268
91257
91246
91235
91224
91213
91202
91191
91180
91169
91158
91147
91136
91125
91114
91103
91092
91081
91070
91059
91048
91037
91026
91015
91004
90993
90982
90971
90960
90949
90938
90927
90916
90905
90894
90883
90872
90861
90850
90839
90828
90817
90806
90795
90784
90773
90762
90751
90740
90729
90718
90707
90696
90685
90674
90663
90652
90641
90630
90619
90608
90597
90586
90575
90564
90553
90542
90531
90520
90509
90498
90487
90476
90465
90454
90443
90432
90421
90410
90399
90388
90377
90366
90355
90344
90333
90322
90311
90300
90289
90278
90267
90256
90245
90234
90223
90212
90201
90190
90179
90168
90157
90146
90135
90124
90113
90102
90091
90080
90069
90058
90047
90036
90025
90014
90003
89992
89981
89970
89959
89948
89937
89926
89915
89904
89893
89882
89871
89860
89849
89838
89827
89816
89805
89794
89783
89772
89761
89750
89739
89728
89717
89706
89695
89684
89673
89662
89651
89640
89629
89618
89607
89596
89585
89574
89563
89552
89541
89530
89519
89508
89497
89486
89475
89464
89453
89442
89431
89420
89409
89398
89387
89376
89365
89354
89343
89332
89321
89310
89299
89288
89277
89266
89255
89244
89233
89222
89211
89200
89189
89178
89167
89156
89145
89134
89123
89112
89101
89090
89079
89068
89057
89046
89035
89024
89013
89002
88991
88980
88969
88958
88947
88936
88925
88914
88903
88892
88881
88870
88859
88848
88837
88826
88815
88804
88793
88782
88771
88760
88749
88738
88727
88716
88705
88694
88683
88672
88661
88650
88639
88628
88617
88606
88595
88584
88573
88562
88551
88540
88529
88518
88507
88496
88485
88474
88463
88452
88441
88430
88419
88408
88397
88386
88375
88364
88353
88342
88331
88320
88309
88298
88287
88276
88265
88254
88243
88232
88221
88210
88199
88188
88177
88166
88155
88144
88133
88122
88111
88100
88089
88078
88067
88056
88045
88034
88023
88012
88001
87990
87979
87968
87957
87946
87935
87924
87913
87902
87891
87880
87869
87858
87847
87836
87825
87814
87803
87792
87781
87770
87759
87748
87737
87726
87715
87704
87693
87682
87671
87660
87649
87638
87627
87616
87605
87594
87583
87572
87561
87550
87539
87528
87517
87506
87495
87484
87473
87462
87451
87440
87429
87418
87407
87396
87385
87374
87363
87352
87341
87330
87319
87308
87297
87286
87275
87264
87253
87242
87231
87220
87209
87198
87187
87176
87165
87154
87143
87132
87121
87110
87099
87088
87077
87066
87055
87044
87033
87022
87011
87000
86989
86978
86967
86956
86945
86934
86923
86912
86901
86890
86879
86868
86857
86846
86835
86824
86813
86802
86791
86780
86769
86758
86747
86736
86725
86714
86703
86692
86681
86670
86659
86648
86637
86626
86615
86604
86593
86582
86571
86560
86549
86538
86527
86516
86505
86494
86483
86472
86461
86450
86439
86428
86417
86406
86395
86384
86373
86362
86351
86340
86329
86318
86307
86296
86285
86274
86263
86252
86241
86230
86219
86208
86197
86186
86175
86164
86153
86142
86131
86120
86109
86098
86087
86076
86065
86054
86043
86032
86021
86010
85999
85988
85977
85966
85955
85944
85933
85922
85911
85900
85889
85878
85867
85856
85845
85834
85823
85812
85801
85790
85779
85768
85757
85746
85735
85724
85713
85702
85691
85680
85669
85658
85647
85636
85625
85614
85603
85592
85581
85570
85559
85548
85537
85526
85515
85504
85493
85482
85471
85460
85449
85438
85427
85416
85405
85394
85383
85372
85361
85350
85339
85328
85317
85306
85295
85284
85273
85262
85251
85240
85229
85218
85207
85196
85185
85174
85163
85152
85141
85130
85119
85108
85097
85086
85075
85064
85053
85042
85031
85020
85009
84998
84987
84976
84965
84954
84943
84932
84921
84910
84899
84888
84877
84866
84855
84844
84833
84822
84811
84800
84789
84778
84767
84756
84745
84734
84723
84712
84701
84690
84679
84668
84657
84646
84635
84624
84613
84602
84591
84580
84569
84558
84547
84536
84525
84514
84503
84492
84481
84470
84459
84448
84437
84426
84415
84404
84393
84382
84371
84360
84349
84338
84327
84316
84305
84294
84283
84272
84261
84250
84239
84228
84217
84206
84195
84184
84173
84162
84151
84140
84129
84118
84107
84096
84085
84074
84063
84052
84041
84030
84019
84008
83997
83986
83975
83964
83953
83942
83931
83920
83909
83898
83887
83876
83865
83854
83843
83832
83821
83810
83799
83788
83777
83766
83755
83744
83733
83722
83711
83700
83689
83678
83667
83656
83645
83634
83623
83612
83601
83590
83579
83568
83557
83546
83535
83524
83513
83502
83491
83480
83469
83458
83447
83436
83425
83414
83403
83392
83381
83370
83359
83348
83337
83326
83315
83304
83293
83282
83271
83260
83249
83238
83227
83216
83205
83194
83183
83172
83161
83150
83139
83128
83117
83106
83095
83084
83073
83062
83051
83040
83029
83018
83007
82996
82985
82974
82963
82952
82941
82930
82919
82908
82897
82886
82875
82864
82853
82842
82831
82820
82809
82798
82787
82776
82765
82754
82743
82732
82721
82710
82699
82688
82677
82666
82655
82644
82633
82622
82611
82600
82589
82578
82567
82556
82545
82534
82523
82512
82501
82490
82479
82468
82457
82446
82435
82424
82413
82402
82391
82380
82369
82358
82347
82336
82325
82314
82303
82292
82281
82270
82259
82248
82237
82226
82215
82204
82193
82182
82171
82160
82149
82138
82127
82116
82105
82094
82083
82072
82061
82050
82039
82028
82017
82006
81995
81984
81973
81962
81951
81940
81929
81918
81907
81896
81885
81874
81863
81852
81841
81830
81819
81808
81797
81786
81775
81764
81753
81742
81731
81720
81709
81698
81687
81676
81665
81654
81643
81632
81621
81610
81599
81588
81577
81566
81555
81544
81533
81522
81511
81500
81489
81478
81467
81456
81445
81434
81423
81412
81401
81390
81379
81368
81357
81346
81335
81324
81313
81302
81291
81280
81269
81258
81247
81236
81225
81214
81203
81192
81181
81170
81159
81148
81137
81126
81115
81104
81093
81082
81071
81060
81049
81038
81027
81016
81005
80994
80983
80972
80961
80950
80939
80928
80917
80906
80895
80884
80873
80862
80851
80840
80829
80818
80807
80796
80785
80774
80763
80752
80741
80730
80719
80708
80697
80686
80675
80664
80653
80642
80631
80620
80609
80598
80587
80576
80565
80554
80543
80532
80521
80510
80499
80488
80477
80466
80455
80444
80433
80422
80411
80400
80389
80378
80367
80356
80345
80334
80323
80312
80301
80290
80279
80268
80257
80246
80235
80224
80213
80202
80191
80180
80169
80158
80147
80136
80125
80114
80103
80092
80081
80070
80059
80048
80037
80026
80015
80004
79993
79982
79971
79960
79949
79938
79927
79916
79905
79894
79883
79872
79861
79850
79839
79828
79817
79806
79795
79784
79773
79762
79751
79740
79729
79718
79707
79696
79685
79674
79663
79652
79641
79630
79619
79608
79597
79586
79575
79564
79553
79542
79531
79520
79509
79498
79487
79476
79465
79454
79443
79432
79421
79410
79399
79388
79377
79366
79355
79344
79333
79322
79311
79300
79289
79278
79267
79256
79245
79234
79223
79212
79201
79190
79179
79168
79157
79146
79135
79124
79113
79102
79091
79080
79069
79058
79047
79036
79025
79014
79003
78992
78981
78970
78959
78948
78937
78926
78915
78904
78893
78882
78871
78860
78849
78838
78827
78816
78805
78794
78783
78772
78761
78750
78739
78728
78717
78706
78695
78684
78673
78662
78651
78640
78629
78618
78607
78596
78585
78574
78563
78552
78541
78530
78519
78508
78497
78486
78475
78464
78453
78442
78431
78420
78409
78398
78387
78376
78365
78354
78343
78332
78321
78310
78299
78288
78277
78266
78255
78244
78233
78222
78211
78200
78189
78178
78167
78156
78145
78134
78123
78112
78101
78090
78079
78068
78057
78046
78035
78024
78013
78002
77991
77980
77969
77958
77947
77936
77925
77914
77903
77892
77881
77870
77859
77848
77837
77826
77815
77804
77793
77782
77771
77760
77749
77738
77727
77716
77705
77694
77683
77672
77661
77650
77639
77628
77617
77606
77595
77584
77573
77562
77551
77540
77529
77518
77507
77496
77485
77474
77463
77452
77441
77430
77419
77408
77397
77386
77375
77364
77353
77342
77331
77320
77309
77298
77287
77276
77265
77254
77243
77232
77221
77210
77199
77188
77177
77166
77155
77144
77133
77122
77111
77100
77089
77078
77067
77056
77045
77034
77023
77012
77001
76990
76979
76968
76957
76946
76935
76924
76913
76902
76891
76880
76869
76858
76847
76836
76825
76814
76803
76792
76781
76770
76759
76748
76737
76726
76715
76704
76693
76682
76671
76660
76649
76638
76627
76616
76605
76594
76583
76572
76561
76550
76539
76528
76517
76506
76495
76484
76473
76462
76451
76440
76429
76418
76407
76396
76385
76374
76363
76352
76341
76330
76319
76308
76297
76286
76275
76264
76253
76242
76231
76220
76209
76198
76187
76176
76165
76154
76143
76132
76121
76110
76099
76088
76077
76066
76055
76044
76033
76022
76011
76000
75989
75978
75967
75956
75945
75934
75923
75912
75901
75890
75879
75868
75857
75846
75835
75824
75813
75802
75791
75780
75769
75758
75747
75736
75725
75714
75703
75692
75681
75670
75659
75648
75637
75626
75615
75604
75593
75582
75571
75560
75549
75538
75527
75516
75505
75494
75483
75472
75461
75450
75439
75428
75417
75406
75395
75384
75373
75362
75351
75340
75329
75318
75307
75296
75285
75274
75263
75252
75241
75230
75219
75208
75197
75186
75175
75164
75153
75142
75131
75120
75109
75098
75087
75076
75065
75054
75043
75032
75021
75010
74999
74988
74977
74966
74955
74944
74933
74922
74911
74900
74889
74878
74867
74856
74845
74834
74823
74812
74801
74790
74779
74768
74757
74746
74735
74724
74713
74702
74691
74680
74669
74658
74647
74636
74625
74614
74603
74592
74581
74570
74559
74548
74537
74526
74515
74504
74493
74482
74471
74460
74449
74438
74427
74416
74405
74394
74383
74372
74361
74350
74339
74328
74317
74306
74295
74284
74273
74262
74251
74240
74229
74218
74207
74196
74185
74174
74163
74152
74141
74130
74119
74108
74097
74086
74075
74064
74053
74042
74031
74020
74009
73998
73987
73976
73965
73954
73943
73932
73921
73910
73899
73888
73877
73866
73855
73844
73833
73822
73811
73800
73789
73778
73767
73756
73745
73734
73723
73712
73701
73690
73679
73668
73657
73646
73635
73624
73613
73602
73591
73580
73569
73558
73547
73536
73525
73514
73503
73492
73481
73470
73459
73448
73437
73426
73415
73404
73393
73382
73371
73360
73349
73338
73327
73316
73305
73294
73283
73272
73261
73250
73239
73228
73217
73206
73195
73184
73173
73162
73151
73140
73129
73118
73107
73096
73085
73074
73063
73052
73041
73030
73019
73008
72997
72986
72975
72964
72953
72942
72931
72920
72909
72898
72887
72876
72865
72854
72843
72832
72821
72810
72799
72788
72777
72766
72755
72744
72733
72722
72711
72700
72689
72678
72667
72656
72645
72634
72623
72612
72601
72590
72579
72568
72557
72546
72535
72524
72513
72502
72491
72480
72469
72458
72447
72436
72425
72414
72403
72392
72381
72370
72359
72348
72337
72326
72315
72304
72293
72282
72271
72260
72249
72238
72227
72216
72205
72194
72183
72172
72161
72150
72139
72128
72117
72106
72095
72084
72073
72062
72051
72040
72029
72018
72007
71996
71985
71974
71963
71952
71941
71930
71919
71908
71897
71886
71875
71864
71853
71842
71831
71820
71809
71798
71787
71776
71765
71754
71743
71732
71721
71710
71699
71688
71677
71666
71655
71644
71633
71622
71611
71600
71589
71578
71567
71556
71545
71534
71523
71512
71501
71490
71479
71468
71457
71446
71435
71424
71413
71402
71391
71380
71369
71358
71347
71336
71325
71314
71303
71292
71281
71270
71259
71248
71237
71226
71215
71204
71193
71182
71171
71160
71149
71138
71127
71116
71105
71094
71083
71072
71061
71050
71039
71028
71017
71006
70995
70984
70973
70962
70951
70940
70929
70918
70907
70896
70885
70874
70863
70852
70841
70830
70819
70808
70797
70786
70775
70764
70753
70742
70731
70720
70709
70698
70687
70676
70665
70654
70643
70632
70621
70610
70599
70588
70577
70566
70555
70544
70533
70522
70511
70500
70489
70478
70467
70456
70445
70434
70423
70412
70401
70390
70379
70368
70357
70346
70335
70324
70313
70302
70291
70280
70269
70258
70247
70236
70225
70214
70203
70192
70181
70170
70159
70148
70137
70126
70115
70104
70093
70082
70071
70060
70049
70038
70027
70016
70005
69994
69983
69972
69961
69950
69939
69928
69917
69906
69895
69884
69873
69862
69851
69840
69829
69818
69807
69796
69785
69774
69763
69752
69741
69730
69719
69708
69697
69686
69675
69664
69653
69642
69631
69620
69609
69598
69587
69576
69565
69554
69543
69532
69521
69510
69499
69488
69477
69466
69455
69444
69433
69422
69411
69400
69389
69378
69367
69356
69345
69334
69323
69312
69301
69290
69279
69268
69257
69246
69235
69224
69213
69202
69191
69180
69169
69158
69147
69136
69125
69114
69103
69092
69081
69070
69059
69048
69037
69026
69015
69004
68993
68982
68971
68960
68949
68938
68927
68916
68905
68894
68883
68872
68861
68850
68839
68828
68817
68806
68795
68784
68773
68762
68751
68740
68729
68718
68707
68696
68685
68674
68663
68652
68641
68630
68619
68608
68597
68586
68575
68564
68553
68542
68531
68520
68509
68498
68487
68476
68465
68454
68443
68432
68421
68410
68399
68388
68377
68366
68355
68344
68333
68322
68311
68300
68289
68278
68267
68256
68245
68234
68223
68212
68201
68190
68179
68168
68157
68146
68135
68124
68113
68102
68091
68080
68069
68058
68047
68036
68025
68014
68003
67992
67981
67970
67959
67948
67937
67926
67915
67904
67893
67882
67871
67860
67849
67838
67827
67816
67805
67794
67783
67772
67761
67750
67739
67728
67717
67706
67695
67684
67673
67662
67651
67640
67629
67618
67607
67596
67585
67574
67563
67552
67541
67530
67519
67508
67497
67486
67475
67464
67453
67442
67431
67420
67409
67398
67387
67376
67365
67354
67343
67332
67321
67310
67299
67288
67277
67266
67255
67244
67233
67222
67211
67200
67189
67178
67167
67156
67145
67134
67123
67112
67101
67090
67079
67068
67057
67046
67035
67024
67013
67002
66991
66980
66969
66958
66947
66936
66925
66914
66903
66892
66881
66870
66859
66848
66837
66826
66815
66804
66793
66782
66771
66760
66749
66738
66727
66716
66705
66694
66683
66672
66661
66650
66639
66628
66617
66606
66595
66584
66573
66562
66551
66540
66529
66518
66507
66496
66485
66474
66463
66452
66441
66430
66419
66408
66397
66386
66375
66364
66353
66342
66331
66320
66309
66298
66287
66276
66265
66254
66243
66232
66221
66210
66199
66188
66177
66166
66155
66144
66133
66122
66111
66100
66089
66078
66067
66056
66045
66034
66023
66012
66001
65990
65979
65968
65957
65946
65935
65924
65913
65902
65891
65880
65869
65858
65847
65836
65825
65814
65803
65792
65781
65770
65759
65748
65737
65726
65715
65704
65693
65682
65671
65660
65649
65638
65627
65616
65605
65594
65583
65572
65561
65550
65539
65528
65517
65506
65495
65484
65473
65462
65451
65440
65429
65418
65407
65396
65385
65374
65363
65352
65341
65330
65319
65308
65297
65286
65275
65264
65253
65242
65231
65220
65209
65198
65187
65176
65165
65154
65143
65132
65121
65110
65099
65088
65077
65066
65055
65044
65033
65022
65011
65000
64989
64978
64967
64956
64945
64934
64923
64912
64901
64890
64879
64868
64857
64846
64835
64824
64813
64802
64791
64780
64769
64758
64747
64736
64725
64714
64703
64692
64681
64670
64659
64648
64637
64626
64615
64604
64593
64582
64571
64560
64549
64538
64527
64516
64505
64494
64483
64472
64461
64450
64439
64428
64417
64406
64395
64384
64373
64362
64351
64340
64329
64318
64307
64296
64285
64274
64263
64252
64241
64230
64219
64208
64197
64186
64175
64164
64153
64142
64131
64120
64109
64098
64087
64076
64065
64054
64043
64032
64021
64010
63999
63988
63977
63966
63955
63944
63933
63922
63911
63900
63889
63878
63867
63856
63845
63834
63823
63812
63801
63790
63779
63768
63757
63746
63735
63724
63713
63702
63691
63680
63669
63658
63647
63636
63625
63614
63603
63592
63581
63570
63559
63548
63537
63526
63515
63504
63493
63482
63471
63460
63449
63438
63427
63416
63405
63394
63383
63372
63361
63350
63339
63328
63317
63306
63295
63284
63273
63262
63251
63240
63229
63218
63207
63196
63185
63174
63163
63152
63141
63130
63119
63108
63097
63086
63075
63064
63053
63042
63031
63020
63009
62998
62987
62976
62965
62954
62943
62932
62921
62910
62899
62888
62877
62866
62855
62844
62833
62822
62811
62800
62789
62778
62767
62756
62745
62734
62723
62712
62701
62690
62679
62668
62657
62646
62635
62624
62613
62602
62591
62580
62569
62558
62547
62536
62525
62514
62503
62492
62481
62470
62459
62448
62437
62426
62415
62404
62393
62382
62371
62360
62349
62338
62327
62316
62305
62294
62283
62272
62261
62250
62239
62228
62217
62206
62195
62184
62173
62162
62151
62140
62129
62118
62107
62096
62085
62074
62063
62052
62041
62030
62019
62008
61997
61986
61975
61964
61953
61942
61931
61920
61909
61898
61887
61876
61865
61854
61843
61832
61821
61810
61799
61788
61777
61766
61755
61744
61733
61722
61711
61700
61689
61678
61667
61656
61645
61634
61623
61612
61601
61590
61579
61568
61557
61546
61535
61524
61513
61502
61491
61480
61469
61458
61447
61436
61425
61414
61403
61392
61381
61370
61359
61348
61337
61326
61315
61304
61293
61282
61271
61260
61249
61238
61227
61216
61205
61194
61183
61172
61161
61150
61139
61128
61117
61106
61095
61084
61073
61062
61051
61040
61029
61018
61007
60996
60985
60974
60963
60952
60941
60930
60919
60908
60897
60886
60875
60864
60853
60842
60831
60820
60809
60798
60787
60776
60765
60754
60743
60732
60721
60710
60699
60688
60677
60666
60655
60644
60633
60622
60611
60600
60589
60578
60567
60556
60545
60534
60523
60512
60501
60490
60479
60468
60457
60446
60435
60424
60413
60402
60391
60380
60369
60358
60347
60336
60325
60314
60303
60292
60281
60270
60259
60248
60237
60226
60215
60204
60193
60182
60171
60160
60149
60138
60127
60116
60105
60094
60083
60072
60061
60050
60039
60028
60017
60006
59995
59984
59973
59962
59951
59940
59929
59918
59907
59896
59885
59874
59863
59852
59841
59830
59819
59808
59797
59786
59775
59764
59753
59742
59731
59720
59709
59698
59687
59676
59665
59654
59643
59632
59621
59610
59599
59588
59577
59566
59555
59544
59533
59522
59511
59500
59489
59478
59467
59456
59445
59434
59423
59412
59401
59390
59379
59368
59357
59346
59335
59324
59313
59302
59291
59280
59269
59258
59247
59236
59225
59214
59203
59192
59181
59170
59159
59148
59137
59126
59115
59104
59093
59082
59071
59060
59049
59038
59027
59016
59005
58994
58983
58972
58961
58950
58939
58928
58917
58906
58895
58884
58873
58862
58851
58840
58829
58818
58807
58796
58785
58774
58763
58752
58741
58730
58719
58708
58697
58686
58675
58664
58653
58642
58631
58620
58609
58598
58587
58576
58565
58554
58543
58532
58521
58510
58499
58488
58477
58466
58455
58444
58433
58422
58411
58400
58389
58378
58367
58356
58345
58334
58323
58312
58301
58290
58279
58268
58257
58246
58235
58224
58213
58202
58191
58180
58169
58158
58147
58136
58125
58114
58103
58092
58081
58070
58059
58048
58037
58026
58015
58004
57993
57982
57971
57960
57949
57938
57927
57916
57905
57894
57883
57872
57861
57850
57839
57828
57817
57806
57795
57784
57773
57762
57751
57740
57729
57718
57707
57696
57685
57674
57663
57652
57641
57630
57619
57608
57597
57586
57575
57564
57553
57542
57531
57520
57509
57498
57487
57476
57465
57454
57443
57432
57421
57410
57399
57388
57377
57366
57355
57344
57333
57322
57311
57300
57289
57278
57267
57256
57245
57234
57223
57212
57201
57190
57179
57168
57157
57146
57135
57124
57113
57102
57091
57080
57069
57058
57047
57036
57025
57014
57003
56992
56981
56970
56959
56948
56937
56926
56915
56904
56893
56882
56871
56860
56849
56838
56827
56816
56805
56794
56783
56772
56761
56750
56739
56728
56717
56706
56695
56684
56673
56662
56651
56640
56629
56618
56607
56596
56585
56574
56563
56552
56541
56530
56519
56508
56497
56486
56475
56464
56453
56442
56431
56420
56409
56398
56387
56376
56365
56354
56343
56332
56321
56310
56299
56288
56277
56266
56255
56244
56233
56222
56211
56200
56189
56178
56167
56156
56145
56134
56123
56112
56101
56090
56079
56068
56057
56046
56035
56024
56013
56002
55991
55980
55969
55958
55947
55936
55925
55914
55903
55892
55881
55870
55859
55848
55837
55826
55815
55804
55793
55782
55771
55760
55749
55738
55727
55716
55705
55694
55683
55672
55661
55650
55639
55628
55617
55606
55595
55584
55573
55562
55551
55540
55529
55518
55507
55496
55485
55474
55463
55452
55441
55430
55419
55408
55397
55386
55375
55364
55353
55342
55331
55320
55309
55298
55287
55276
55265
55254
55243
55232
55221
55210
55199
55188
55177
55166
55155
55144
55133
55122
55111
55100
55089
55078
55067
55056
55045
55034
55023
55012
55001
54990
54979
54968
54957
54946
54935
54924
54913
54902
54891
54880
54869
54858
54847
54836
54825
54814
54803
54792
54781
54770
54759
54748
54737
54726
54715
54704
54693
54682
54671
54660
54649
54638
54627
54616
54605
54594
54583
54572
54561
54550
54539
54528
54517
54506
54495
54484
54473
54462
54451
54440
54429
54418
54407
54396
54385
54374
54363
54352
54341
54330
54319
54308
54297
54286
54275
54264
54253
54242
54231
54220
54209
54198
54187
54176
54165
54154
54143
54132
54121
54110
54099
54088
54077
54066
54055
54044
54033
54022
54011
54000
53989
53978
53967
53956
53945
53934
53923
53912
53901
53890
53879
53868
53857
53846
53835
53824
53813
53802
53791
53780
53769
53758
53747
53736
53725
53714
53703
53692
53681
53670
53659
53648
53637
53626
53615
53604
53593
53582
53571
53560
53549
53538
53527
53516
53505
53494
53483
53472
53461
53450
53439
53428
53417
53406
53395
53384
53373
53362
53351
53340
53329
53318
53307
53296
53285
53274
53263
53252
53241
53230
53219
53208
53197
53186
53175
53164
53153
53142
53131
53120
53109
53098
53087
53076
53065
53054
53043
53032
53021
53010
52999
52988
52977
52966
52955
52944
52933
52922
52911
52900
52889
52878
52867
52856
52845
52834
52823
52812
52801
52790
52779
52768
52757
52746
52735
52724
52713
52702
52691
52680
52669
52658
52647
52636
52625
52614
52603
52592
52581
52570
52559
52548
52537
52526
52515
52504
52493
52482
52471
52460
52449
52438
52427
52416
52405
52394
52383
52372
52361
52350
52339
52328
52317
52306
52295
52284
52273
52262
52251
52240
52229
52218
52207
52196
52185
52174
52163
52152
52141
52130
52119
52108
52097
52086
52075
52064
52053
52042
52031
52020
52009
51998
51987
51976
51965
51954
51943
51932
51921
51910
51899
51888
51877
51866
51855
51844
51833
51822
51811
51800
51789
51778
51767
51756
51745
51734
51723
51712
51701
51690
51679
51668
51657
51646
51635
51624
51613
51602
51591
51580
51569
51558
51547
51536
51525
51514
51503
51492
51481
51470
51459
51448
51437
51426
51415
51404
51393
51382
51371
51360
51349
51338
51327
51316
51305
51294
51283
51272
51261
51250
51239
51228
51217
51206
51195
51184
51173
51162
51151
51140
51129
51118
51107
51096
51085
51074
51063
51052
51041
51030
51019
51008
50997
50986
50975
50964
50953
50942
50931
50920
50909
50898
50887
50876
50865
50854
50843
50832
50821
50810
50799
50788
50777
50766
50755
50744
50733
50722
50711
50700
50689
50678
50667
50656
50645
50634
50623
50612
50601
50590
50579
50568
50557
50546
50535
50524
50513
50502
50491
50480
50469
50458
50447
50436
50425
50414
50403
50392
50381
50370
50359
50348
50337
50326
50315
50304
50293
50282
50271
50260
50249
50238
50227
50216
50205
50194
50183
50172
50161
50150
50139
50128
50117
50106
50095
50084
50073
50062
50051
50040
50029
50018
50007
49996
49985
49974
49963
49952
49941
49930
49919
49908
49897
49886
49875
49864
49853
49842
49831
49820
49809
49798
49787
49776
49765
49754
49743
49732
49721
49710
49699
49688
49677
49666
49655
49644
49633
49622
49611
49600
49589
49578
49567
49556
49545
49534
49523
49512
49501
49490
49479
49468
49457
49446
49435
49424
49413
49402
49391
49380
49369
49358
49347
49336
49325
49314
49303
49292
49281
49270
49259
49248
49237
49226
49215
49204
49193
49182
49171
49160
49149
49138
49127
49116
49105
49094
49083
49072
49061
49050
49039
49028
49017
49006
48995
48984
48973
48962
48951
48940
48929
48918
48907
48896
48885
48874
48863
48852
48841
48830
48819
48808
48797
48786
48775
48764
48753
48742
48731
48720
48709
48698
48687
48676
48665
48654
48643
48632
48621
48610
48599
48588
48577
48566
48555
48544
48533
48522
48511
48500
48489
48478
48467
48456
48445
48434
48423
48412
48401
48390
48379
48368
48357
48346
48335
48324
48313
48302
48291
48280
48269
48258
48247
48236
48225
48214
48203
48192
48181
48170
48159
48148
48137
48126
48115
48104
48093
48082
48071
48060
48049
48038
48027
48016
48005
47994
47983
47972
47961
47950
47939
47928
47917
47906
47895
47884
47873
47862
47851
47840
47829
47818
47807
47796
47785
47774
47763
47752
47741
47730
47719
47708
47697
47686
47675
47664
47653
47642
47631
47620
47609
47598
47587
47576
47565
47554
47543
47532
47521
47510
47499
47488
47477
47466
47455
47444
47433
47422
47411
47400
47389
47378
47367
47356
47345
47334
47323
47312
47301
47290
47279
47268
47257
47246
47235
47224
47213
47202
47191
47180
47169
47158
47147
47136
47125
47114
47103
47092
47081
47070
47059
47048
47037
47026
47015
47004
46993
46982
46971
46960
46949
46938
46927
46916
46905
46894
46883
46872
46861
46850
46839
46828
46817
46806
46795
46784
46773
46762
46751
46740
46729
46718
46707
46696
46685
46674
46663
46652
46641
46630
46619
46608
46597
46586
46575
46564
46553
46542
46531
46520
46509
46498
46487
46476
46465
46454
46443
46432
46421
46410
46399
46388
46377
46366
46355
46344
46333
46322
46311
46300
46289
46278
46267
46256
46245
46234
46223
46212
46201
46190
46179
46168
46157
46146
46135
46124
46113
46102
46091
46080
46069
46058
46047
46036
46025
46014
46003
45992
45981
45970
45959
45948
45937
45926
45915
45904
45893
45882
45871
45860
45849
45838
45827
45816
45805
45794
45783
45772
45761
45750
45739
45728
45717
45706
45695
45684
45673
45662
45651
45640
45629
45618
45607
45596
45585
45574
45563
45552
45541
45530
45519
45508
45497
45486
45475
45464
45453
45442
45431
45420
45409
45398
45387
45376
45365
45354
45343
45332
45321
45310
45299
45288
45277
45266
45255
45244
45233
45222
45211
45200
45189
45178
45167
45156
45145
45134
45123
45112
45101
45090
45079
45068
45057
45046
45035
45024
45013
45002
44991
44980
44969
44958
44947
44936
44925
44914
44903
44892
44881
44870
44859
44848
44837
44826
44815
44804
44793
44782
44771
44760
44749
44738
44727
44716
44705
44694
44683
44672
44661
44650
44639
44628
44617
44606
44595
44584
44573
44562
44551
44540
44529
44518
44507
44496
44485
44474
44463
44452
44441
44430
44419
44408
44397
44386
44375
44364
44353
44342
44331
44320
44309
44298
44287
44276
44265
44254
44243
44232
44221
44210
44199
44188
44177
44166
44155
44144
44133
44122
44111
44100
44089
44078
44067
44056
44045
44034
44023
44012
44001
43990
43979
43968
43957
43946
43935
43924
43913
43902
43891
43880
43869
43858
43847
43836
43825
43814
43803
43792
43781
43770
43759
43748
43737
43726
43715
43704
43693
43682
43671
43660
43649
43638
43627
43616
43605
43594
43583
43572
43561
43550
43539
43528
43517
43506
43495
43484
43473
43462
43451
43440
43429
43418
43407
43396
43385
43374
43363
43352
43341
43330
43319
43308
43297
43286
43275
43264
43253
43242
43231
43220
43209
43198
43187
43176
43165
43154
43143
43132
43121
43110
43099
43088
43077
43066
43055
43044
43033
43022
43011
43000
42989
42978
42967
42956
42945
42934
42923
42912
42901
42890
42879
42868
42857
42846
42835
42824
42813
42802
42791
42780
42769
42758
42747
42736
42725
42714
42703
42692
42681
42670
42659
42648
42637
42626
42615
42604
42593
42582
42571
42560
42549
42538
42527
42516
42505
42494
42483
42472
42461
42450
42439
42428
42417
42406
42395
42384
42373
42362
42351
42340
42329
42318
42307
42296
42285
42274
42263
42252
42241
42230
42219
42208
42197
42186
42175
42164
42153
42142
42131
42120
42109
42098
42087
42076
42065
42054
42043
42032
42021
42010
41999
41988
41977
41966
41955
41944
41933
41922
41911
41900
41889
41878
41867
41856
41845
41834
41823
41812
41801
41790
41779
41768
41757
41746
41735
41724
41713
41702
41691
41680
41669
41658
41647
41636
41625
41614
41603
41592
41581
41570
41559
41548
41537
41526
41515
41504
41493
41482
41471
41460
41449
41438
41427
41416
41405
41394
41383
41372
41361
41350
41339
41328
41317
41306
41295
41284
41273
41262
41251
41240
41229
41218
41207
41196
41185
41174
41163
41152
41141
41130
41119
41108
41097
41086
41075
41064
41053
41042
41031
41020
41009
40998
40987
40976
40965
40954
40943
40932
40921
40910
40899
40888
40877
40866
40855
40844
40833
40822
40811
40800
40789
40778
40767
40756
40745
40734
40723
40712
40701
40690
40679
40668
40657
40646
40635
40624
40613
40602
40591
40580
40569
40558
40547
40536
40525
40514
40503
40492
40481
40470
40459
40448
40437
40426
40415
40404
40393
40382
40371
40360
40349
40338
40327
40316
40305
40294
40283
40272
40261
40250
40239
40228
40217
40206
40195
40184
40173
40162
40151
40140
40129
40118
40107
40096
40085
40074
40063
40052
40041
40030
40019
40008
39997
39986
39975
39964
39953
39942
39931
39920
39909
39898
39887
39876
39865
39854
39843
39832
39821
39810
39799
39788
39777
39766
39755
39744
39733
39722
39711
39700
39689
39678
39667
39656
39645
39634
39623
39612
39601
39590
39579
39568
39557
39546
39535
39524
39513
39502
39491
39480
39469
39458
39447
39436
39425
39414
39403
39392
39381
39370
39359
39348
39337
39326
39315
39304
39293
39282
39271
39260
39249
39238
39227
39216
39205
39194
39183
39172
39161
39150
39139
39128
39117
39106
39095
39084
39073
39062
39051
39040
39029
39018
39007
38996
38985
38974
38963
38952
38941
38930
38919
38908
38897
38886
38875
38864
38853
38842
38831
38820
38809
38798
38787
38776
38765
38754
38743
38732
38721
38710
38699
38688
38677
38666
38655
38644
38633
38622
38611
38600
38589
38578
38567
38556
38545
38534
38523
38512
38501
38490
38479
38468
38457
38446
38435
38424
38413
38402
38391
38380
38369
38358
38347
38336
38325
38314
38303
38292
38281
38270
38259
38248
38237
38226
38215
38204
38193
38182
38171
38160
38149
38138
38127
38116
38105
38094
38083
38072
38061
38050
38039
38028
38017
38006
37995
37984
37973
37962
37951
37940
37929
37918
37907
37896
37885
37874
37863
37852
37841
37830
37819
37808
37797
37786
37775
37764
37753
37742
37731
37720
37709
37698
37687
37676
37665
37654
37643
37632
37621
37610
37599
37588
37577
37566
37555
37544
37533
37522
37511
37500
37489
37478
37467
37456
37445
37434
37423
37412
37401
37390
37379
37368
37357
37346
37335
37324
37313
37302
37291
37280
37269
37258
37247
37236
37225
37214
37203
37192
37181
37170
37159
37148
37137
37126
37115
37104
37093
37082
37071
37060
37049
37038
37027
37016
37005
36994
36983
36972
36961
36950
36939
36928
36917
36906
36895
36884
36873
36862
36851
36840
36829
36818
36807
36796
36785
36774
36763
36752
36741
36730
36719
36708
36697
36686
36675
36664
36653
36642
36631
36620
36609
36598
36587
36576
36565
36554
36543
36532
36521
36510
36499
36488
36477
36466
36455
36444
36433
36422
36411
36400
36389
36378
36367
36356
36345
36334
36323
36312
36301
36290
36279
36268
36257
36246
36235
36224
36213
36202
36191
36180
36169
36158
36147
36136
36125
36114
36103
36092
36081
36070
36059
36048
36037
36026
36015
36004
35993
35982
35971
35960
35949
35938
35927
35916
35905
35894
35883
35872
35861
35850
35839
35828
35817
35806
35795
35784
35773
35762
35751
35740
35729
35718
35707
35696
35685
35674
35663
35652
35641
35630
35619
35608
35597
35586
35575
35564
35553
35542
35531
35520
35509
35498
35487
35476
35465
35454
35443
35432
35421
35410
35399
35388
35377
35366
35355
35344
35333
35322
35311
35300
35289
35278
35267
35256
35245
35234
35223
35212
35201
35190
35179
35168
35157
35146
35135
35124
35113
35102
35091
35080
35069
35058
35047
35036
35025
35014
35003
34992
34981
34970
34959
34948
34937
34926
34915
34904
34893
34882
34871
34860
34849
34838
34827
34816
34805
34794
34783
34772
34761
34750
34739
34728
34717
34706
34695
34684
34673
34662
34651
34640
34629
34618
34607
34596
34585
34574
34563
34552
34541
34530
34519
34508
34497
34486
34475
34464
34453
34442
34431
34420
34409
34398
34387
34376
34365
34354
34343
34332
34321
34310
34299
34288
34277
34266
34255
34244
34233
34222
34211
34200
34189
34178
34167
34156
34145
34134
34123
34112
34101
34090
34079
34068
34057
34046
34035
34024
34013
34002
33991
33980
33969
33958
33947
33936
33925
33914
33903
33892
33881
33870
33859
33848
33837
33826
33815
33804
33793
33782
33771
33760
33749
33738
33727
33716
33705
33694
33683
33672
33661
33650
33639
33628
33617
33606
33595
33584
33573
33562
33551
33540
33529
33518
33507
33496
33485
33474
33463
33452
33441
33430
33419
33408
33397
33386
33375
33364
33353
33342
33331
33320
33309
33298
33287
33276
33265
33254
33243
33232
33221
33210
33199
33188
33177
33166
33155
33144
33133
33122
33111
33100
33089
33078
33067
33056
33045
33034
33023
33012
33001
32990
32979
32968
32957
32946
32935
32924
32913
32902
32891
32880
32869
32858
32847
32836
32825
32814
32803
32792
32781
32770
32759
32748
32737
32726
32715
32704
32693
32682
32671
32660
32649
32638
32627
32616
32605
32594
32583
32572
32561
32550
32539
32528
32517
32506
32495
32484
32473
32462
32451
32440
32429
32418
32407
32396
32385
32374
32363
32352
32341
32330
32319
32308
32297
32286
32275
32264
32253
32242
32231
32220
32209
32198
32187
32176
32165
32154
32143
32132
32121
32110
32099
32088
32077
32066
32055
32044
32033
32022
32011
32000
31989
31978
31967
31956
31945
31934
31923
31912
31901
31890
31879
31868
31857
31846
31835
31824
31813
31802
31791
31780
31769
31758
31747
31736
31725
31714
31703
31692
31681
31670
31659
31648
31637
31626
31615
31604
31593
31582
31571
31560
31549
31538
31527
31516
31505
31494
31483
31472
31461
31450
31439
31428
31417
31406
31395
31384
31373
31362
31351
31340
31329
31318
31307
31296
31285
31274
31263
31252
31241
31230
31219
31208
31197
31186
31175
31164
31153
31142
31131
31120
31109
31098
31087
31076
31065
31054
31043
31032
31021
31010
30999
30988
30977
30966
30955
30944
30933
30922
30911
30900
30889
30878
30867
30856
30845
30834
30823
30812
30801
30790
30779
30768
30757
30746
30735
30724
30713
30702
30691
30680
30669
30658
30647
30636
30625
30614
30603
30592
30581
30570
30559
30548
30537
30526
30515
30504
30493
30482
30471
30460
30449
30438
30427
30416
30405
30394
30383
30372
30361
30350
30339
30328
30317
30306
30295
30284
30273
30262
30251
30240
30229
30218
30207
30196
30185
30174
30163
30152
30141
30130
30119
30108
30097
30086
30075
30064
30053
30042
30031
30020
30009
29998
29987
29976
29965
29954
29943
29932
29921
29910
29899
29888
29877
29866
29855
29844
29833
29822
29811
29800
29789
29778
29767
29756
29745
29734
29723
29712
29701
29690
29679
29668
29657
29646
29635
29624
29613
29602
29591
29580
29569
29558
29547
29536
29525
29514
29503
29492
29481
29470
29459
29448
29437
29426
29415
29404
29393
29382
29371
29360
29349
29338
29327
29316
29305
29294
29283
29272
29261
29250
29239
29228
29217
29206
29195
29184
29173
29162
29151
29140
29129
29118
29107
29096
29085
29074
29063
29052
29041
29030
29019
29008
28997
28986
28975
28964
28953
28942
28931
28920
28909
28898
28887
28876
28865
28854
28843
28832
28821
28810
28799
28788
28777
28766
28755
28744
28733
28722
28711
28700
28689
28678
28667
28656
28645
28634
28623
28612
28601
28590
28579
28568
28557
28546
28535
28524
28513
28502
28491
28480
28469
28458
28447
28436
28425
28414
28403
28392
28381
28370
28359
28348
28337
28326
28315
28304
28293
28282
28271
28260
28249
28238
28227
28216
28205
28194
28183
28172
28161
28150
28139
28128
28117
28106
28095
28084
28073
28062
28051
28040
28029
28018
28007
27996
27985
27974
27963
27952
27941
27930
27919
27908
27897
27886
27875
27864
27853
27842
27831
27820
27809
27798
27787
27776
27765
27754
27743
27732
27721
27710
27699
27688
27677
27666
27655
27644
27633
27622
27611
27600
27589
27578
27567
27556
27545
27534
27523
27512
27501
27490
27479
27468
27457
27446
27435
27424
27413
27402
27391
27380
27369
27358
27347
27336
27325
27314
27303
27292
27281
27270
27259
27248
27237
27226
27215
27204
27193
27182
27171
27160
27149
27138
27127
27116
27105
27094
27083
27072
27061
27050
27039
27028
27017
27006
26995
26984
26973
26962
26951
26940
26929
26918
26907
26896
26885
26874
26863
26852
26841
26830
26819
26808
26797
26786
26775
26764
26753
26742
26731
26720
26709
26698
26687
26676
26665
26654
26643
26632
26621
26610
26599
26588
26577
26566
26555
26544
26533
26522
26511
26500
26489
26478
26467
26456
26445
26434
26423
26412
26401
26390
26379
26368
26357
26346
26335
26324
26313
26302
26291
26280
26269
26258
26247
26236
26225
26214
26203
26192
26181
26170
26159
26148
26137
26126
26115
26104
26093
26082
26071
26060
26049
26038
26027
26016
26005
25994
25983
25972
25961
25950
25939
25928
25917
25906
25895
25884
25873
25862
25851
25840
25829
25818
25807
25796
25785
25774
25763
25752
25741
25730
25719
25708
25697
25686
25675
25664
25653
25642
25631
25620
25609
25598
25587
25576
25565
25554
25543
25532
25521
25510
25499
25488
25477
25466
25455
25444
25433
25422
25411
25400
25389
25378
25367
25356
25345
25334
25323
25312
25301
25290
25279
25268
25257
25246
25235
25224
25213
25202
25191
25180
25169
25158
25147
25136
25125
25114
25103
25092
25081
25070
25059
25048
25037
25026
25015
25004
24993
24982
24971
24960
24949
24938
24927
24916
24905
24894
24883
24872
24861
24850
24839
24828
24817
24806
24795
24784
24773
24762
24751
24740
24729
24718
24707
24696
24685
24674
24663
24652
24641
24630
24619
24608
24597
24586
24575
24564
24553
24542
24531
24520
24509
24498
24487
24476
24465
24454
24443
24432
24421
24410
24399
24388
24377
24366
24355
24344
24333
24322
24311
24300
24289
24278
24267
24256
24245
24234
24223
24212
24201
24190
24179
24168
24157
24146
24135
24124
24113
24102
24091
24080
24069
24058
24047
24036
24025
24014
24003
23992
23981
23970
23959
23948
23937
23926
23915
23904
23893
23882
23871
23860
23849
23838
23827
23816
23805
23794
23783
23772
23761
23750
23739
23728
23717
23706
23695
23684
23673
23662
23651
23640
23629
23618
23607
23596
23585
23574
23563
23552
23541
23530
23519
23508
23497
23486
23475
23464
23453
23442
23431
23420
23409
23398
23387
23376
23365
23354
23343
23332
23321
23310
23299
23288
23277
23266
23255
23244
23233
23222
23211
23200
23189
23178
23167
23156
23145
23134
23123
23112
23101
23090
23079
23068
23057
23046
23035
23024
23013
23002
22991
22980
22969
22958
22947
22936
22925
22914
22903
22892
22881
22870
22859
22848
22837
22826
22815
22804
22793
22782
22771
22760
22749
22738
22727
22716
22705
22694
22683
22672
22661
22650
22639
22628
22617
22606
22595
22584
22573
22562
22551
22540
22529
22518
22507
22496
22485
22474
22463
22452
22441
22430
22419
22408
22397
22386
22375
22364
22353
22342
22331
22320
22309
22298
22287
22276
22265
22254
22243
22232
22221
22210
22199
22188
22177
22166
22155
22144
22133
22122
22111
22100
22089
22078
22067
22056
22045
22034
22023
22012
22001
21990
21979
21968
21957
21946
21935
21924
21913
21902
21891
21880
21869
21858
21847
21836
21825
21814
21803
21792
21781
21770
21759
21748
21737
21726
21715
21704
21693
21682
21671
21660
21649
21638
21627
21616
21605
21594
21583
21572
21561
21550
21539
21528
21517
21506
21495
21484
21473
21462
21451
21440
21429
21418
21407
21396
21385
21374
21363
21352
21341
21330
21319
21308
21297
21286
21275
21264
21253
21242
21231
21220
21209
21198
21187
21176
21165
21154
21143
21132
21121
21110
21099
21088
21077
21066
21055
21044
21033
21022
21011
21000
20989
20978
20967
20956
20945
20934
20923
20912
20901
20890
20879
20868
20857
20846
20835
20824
20813
20802
20791
20780
20769
20758
20747
20736
20725
20714
20703
20692
20681
20670
20659
20648
20637
20626
20615
20604
20593
20582
20571
20560
20549
20538
20527
20516
20505
20494
20483
20472
20461
20450
20439
20428
20417
20406
20395
20384
20373
20362
20351
20340
20329
20318
20307
20296
20285
20274
20263
20252
20241
20230
20219
20208
20197
20186
20175
20164
20153
20142
20131
20120
20109
20098
20087
20076
20065
20054
20043
20032
20021
20010
19999
19988
19977
19966
19955
19944
19933
19922
19911
19900
19889
19878
19867
19856
19845
19834
19823
19812
19801
19790
19779
19768
19757
19746
19735
19724
19713
19702
19691
19680
19669
19658
19647
19636
19625
19614
19603
19592
19581
19570
19559
19548
19537
19526
19515
19504
19493
19482
19471
19460
19449
19438
19427
19416
19405
19394
19383
19372
19361
19350
19339
19328
19317
19306
19295
19284
19273
19262
19251
19240
19229
19218
19207
19196
19185
19174
19163
19152
19141
19130
19119
19108
19097
19086
19075
19064
19053
19042
19031
19020
19009
18998
18987
18976
18965
18954
18943
18932
18921
18910
18899
18888
18877
18866
18855
18844
18833
18822
18811
18800
18789
18778
18767
18756
18745
18734
18723
18712
18701
18690
18679
18668
18657
18646
18635
18624
18613
18602
18591
18580
18569
18558
18547
18536
18525
18514
18503
18492
18481
18470
18459
18448
18437
18426
18415
18404
18393
18382
18371
18360
18349
18338
18327
18316
18305
18294
18283
18272
18261
18250
18239
18228
18217
18206
18195
18184
18173
18162
18151
18140
18129
18118
18107
18096
18085
18074
18063
18052
18041
18030
18019
18008
17997
17986
17975
17964
17953
17942
17931
17920
17909
17898
17887
17876
17865
17854
17843
17832
17821
17810
17799
17788
17777
17766
17755
17744
17733
17722
17711
17700
17689
17678
17667
17656
17645
17634
17623
17612
17601
17590
17579
17568
17557
17546
17535
17524
17513
17502
17491
17480
17469
17458
17447
17436
17425
17414
17403
17392
17381
17370
17359
17348
17337
17326
17315
17304
17293
17282
17271
17260
17249
17238
17227
17216
17205
17194
17183
17172
17161
17150
17139
17128
17117
17106
17095
17084
17073
17062
17051
17040
17029
17018
17007
16996
16985
16974
16963
16952
16941
16930
16919
16908
16897
16886
16875
16864
16853
16842
16831
16820
16809
16798
16787
16776
16765
16754
16743
16732
16721
16710
16699
16688
16677
16666
16655
16644
16633
16622
16611
16600
16589
16578
16567
16556
16545
16534
16523
16512
16501
16490
16479
16468
16457
16446
16435
16424
16413
16402
16391
16380
16369
16358
16347
16336
16325
16314
16303
16292
16281
16270
16259
16248
16237
16226
16215
16204
16193
16182
16171
16160
16149
16138
16127
16116
16105
16094
16083
16072
16061
16050
16039
16028
16017
16006
15995
15984
15973
15962
15951
15940
15929
15918
15907
15896
15885
15874
15863
15852
15841
15830
15819
15808
15797
15786
15775
15764
15753
15742
15731
15720
15709
15698
15687
15676
15665
15654
15643
15632
15621
15610
15599
15588
15577
15566
15555
15544
15533
15522
15511
15500
15489
15478
15467
15456
15445
15434
15423
15412
15401
15390
15379
15368
15357
15346
15335
15324
15313
15302
15291
15280
15269
15258
15247
15236
15225
15214
15203
15192
15181
15170
15159
15148
15137
15126
15115
15104
15093
15082
15071
15060
15049
15038
15027
15016
15005
14994
14983
14972
14961
14950
14939
14928
14917
14906
14895
14884
14873
14862
14851
14840
14829
14818
14807
14796
14785
14774
14763
14752
14741
14730
14719
14708
14697
14686
14675
14664
14653
14642
14631
14620
14609
14598
14587
14576
14565
14554
14543
14532
14521
14510
14499
14488
14477
14466
14455
14444
14433
14422
14411
14400
14389
14378
14367
14356
14345
14334
14323
14312
14301
14290
14279
14268
14257
14246
14235
14224
14213
14202
14191
14180
14169
14158
14147
14136
14125
14114
14103
14092
14081
14070
14059
14048
14037
14026
14015
14004
13993
13982
13971
13960
13949
13938
13927
13916
13905
13894
13883
13872
13861
13850
13839
13828
13817
13806
13795
13784
13773
13762
13751
13740
13729
13718
13707
13696
13685
13674
13663
13652
13641
13630
13619
13608
13597
13586
13575
13564
13553
13542
13531
13520
13509
13498
13487
13476
13465
13454
13443
13432
13421
13410
13399
13388
13377
13366
13355
13344
13333
13322
13311
13300
13289
13278
13267
13256
13245
13234
13223
13212
13201
13190
13179
13168
13157
13146
13135
13124
13113
13102
13091
13080
13069
13058
13047
13036
13025
13014
13003
12992
12981
12970
12959
12948
12937
12926
12915
12904
12893
12882
12871
12860
12849
12838
12827
12816
12805
12794
12783
12772
12761
12750
12739
12728
12717
12706
12695
12684
12673
12662
12651
12640
12629
12618
12607
12596
12585
12574
12563
12552
12541
12530
12519
12508
12497
12486
12475
12464
12453
12442
12431
12420
12409
12398
12387
12376
12365
12354
12343
12332
12321
12310
12299
12288
12277
12266
12255
12244
12233
12222
12211
12200
12189
12178
12167
12156
12145
12134
12123
12112
12101
12090
12079
12068
12057
12046
12035
12024
12013
12002
11991
11980
11969
11958
11947
11936
11925
11914
11903
11892
11881
11870
11859
11848
11837
11826
11815
11804
11793
11782
11771
11760
11749
11738
11727
11716
11705
11694
11683
11672
11661
11650
11639
11628
11617
11606
11595
11584
11573
11562
11551
11540
11529
11518
11507
11496
11485
11474
11463
11452
11441
11430
11419
11408
11397
11386
11375
11364
11353
11342
11331
11320
11309
11298
11287
11276
11265
11254
11243
11232
11221
11210
11199
11188
11177
11166
11155
11144
11133
11122
11111
11100
11089
11078
11067
11056
11045
11034
11023
11012
11001
10990
10979
10968
10957
10946
10935
10924
10913
10902
10891
10880
10869
10858
10847
10836
10825
10814
10803
10792
10781
10770
10759
10748
10737
10726
10715
10704
10693
10682
10671
10660
10649
10638
10627
10616
10605
10594
10583
10572
10561
10550
10539
10528
10517
10506
10495
10484
10473
10462
10451
10440
10429
10418
10407
10396
10385
10374
10363
10352
10341
10330
10319
10308
10297
10286
10275
10264
10253
10242
10231
10220
10209
10198
10187
10176
10165
10154
10143
10132
10121
10110
10099
10088
10077
10066
10055
10044
10033
10022
10011
10000
total checks = 649585066